Name: Nikos Zisis
AFM: 130456094
Income: 40000.0
Basic Tax: 4140.379999999999
Tax Increase: 331.2303999999999
Total Tax: 4471.6104
TotalReceiptsGathered: 2
Entertainment: 0.0
Basic: 4000.0
Travel: 0.0
Health: 0.0
Other: 2000.0
